[Header]
STARTUPAXIS, X, 1, LINEAR, AUTO
STARTUPAXIS, Y1, 2, LINEAR, AUTO
STARTUPAXIS, Y1, 3, LINEAR, AUTO
[Data]
Temperature (K), HCTotal (uJ/K), HCSample (µJ/K), Field (Oe),Wire Heat Loss (W), T minus Tb (K), Heater Power Heating (W), Heater Power Cooling (W), Heating Rate Heating (K/s), Heating Rate Cooling (K/s)
37.452238,725.76715,493.35687,60000.223,1.617075E-5,0.39086309,8.3371966E-5,0,0.092593356,-0.022280907
37.48134,724.8808,492.11051,60000.223,1.7615685E-5,0.41996461,8.3369622E-5,0,0.090709998,-0.024301493
37.510441,727.09632,493.96572,60000.223,1.8781211E-5,0.44906612,8.3367275E-5,0,0.088827384,-0.02583043
37.539543,729.91858,496.42737,60000.223,1.9897155E-5,0.47816763,8.3364911E-5,0,0.086951829,-0.027259417
37.568644,731.60853,497.75643,60000.223,2.114991E-5,0.50726915,8.3362549E-5,0,0.08503542,-0.02890878
37.597746,733.14848,498.93519,60000.223,2.2511281E-5,0.53637066,8.336019E-5,0,0.082996707,-0.030704941
37.626847,738.79757,504.2228,60000.223,2.3452905E-5,0.56547217,8.3357881E-5,0,0.081084425,-0.031744697
37.655949,737.87079,502.93425,60000.223,2.4839354E-5,0.59457369,8.3355622E-5,0,0.079304221,-0.033663555
37.68505,737.99469,502.69608,60000.223,2.6058783E-5,0.6236752,8.3353317E-5,0,0.077635429,-0.035310258
37.714152,736.54134,500.88036,60000.223,2.740794E-5,0.65277671,8.3350994E-5,0,0.075953719,-0.037211679
37.743253,740.0186,503.99495,60000.223,2.8552715E-5,0.68187823,8.3348644E-5,0,0.074046692,-0.03858378
37.772355,744.24164,507.85502,60000.223,2.9689735E-5,0.71097974,8.3346346E-5,0,0.072095685,-0.039892601
37.801456,746.45281,509.70293,60000.223,3.0999196E-5,0.74008125,8.3344079E-5,0,0.070124838,-0.041528675
37.830558,750.38762,513.27417,60000.223,3.2098631E-5,0.76918277,8.3341732E-5,0,0.068288841,-0.042776067
37.85966,754.33151,516.85418,60000.223,3.3334482E-5,0.79828428,8.3339405E-5,0,0.066290381,-0.044190759
37.888761,756.46461,518.6231,60000.223,3.4722992E-5,0.82738579,8.3337107E-5,0,0.06426489,-0.045901675
37.917863,758.62006,520.41407,60000.223,3.5947312E-5,0.85648731,8.3334862E-5,0,0.062465459,-0.047385132
37.946964,758.81756,520.24678,60000.223,3.7216958E-5,0.88558882,8.3332504E-5,0,0.060772903,-0.04904599
37.976066,761.23339,522.29752,60000.223,3.847169E-5,0.91469033,8.3330208E-5,0,0.058928732,-0.050538627
38.005167,764.96137,525.6601,60000.223,3.9650698E-5,0.94379185,8.3327949E-5,0,0.057097328,-0.051833595
38.034269,764.3548,524.68782,60000.223,4.0880048E-5,0.97289336,8.3325657E-5,0,0.055531292,-0.053483079
38.06337,756.455,516.42201,60000.223,4.2285342E-5,1.0019949,8.3323316E-5,0,0.054250383,-0.055899348
38.092472,739.53237,499.13304,60000.223,4.3748447E-5,1.0310964,8.3321017E-5,0,0.05351026,-0.059156907
38.121573,718.84217,478.07621,60000.223,4.4979677E-5,1.0601979,8.331868E-5,0,0.053334383,-0.062572396
38.150675,695.71871,454.5858,60000.223,4.6138678E-5,1.0892994,8.3316381E-5,0,0.053437836,-0.066318007
38.179776,675.78868,434.28851,60000.223,4.726066E-5,1.1184009,8.3314173E-5,0,0.053350277,-0.069934081
38.208878,660.76948,418.90175,60000.223,4.8418163E-5,1.1475024,8.3311998E-5,0,0.05280788,-0.073275423
38.237979,651.0451,408.80951,60000.223,4.9562054E-5,1.176604,8.3309794E-5,0,0.051836256,-0.076126913
38.267081,644.08624,401.48248,60000.223,5.0761461E-5,1.2057055,8.3307579E-5,0,0.050530685,-0.07881159
38.296182,640.25131,397.27909,60000.223,5.2016716E-5,1.234807,8.3305354E-5,0,0.048869307,-0.081244217
38.325284,637.65892,394.31792,60000.223,5.3317737E-5,1.2639085,8.3303071E-5,0,0.047024096,-0.083614822
38.354385,634.68165,390.97158,60000.223,5.4554451E-5,1.29301,8.3300801E-5,0,0.04529255,-0.085955614
38.383487,632.75283,388.67339,60000.223,5.5694114E-5,1.3221115,8.3298518E-5,0,0.043625889,-0.088018751
38.412588,632.25117,387.80206,60000.223,5.6938552E-5,1.351213,8.3296304E-5,0,0.041688736,-0.090056854
38.44169,631.23067,386.4116,60000.223,5.8171758E-5,1.3803146,8.3294096E-5,0,0.039798982,-0.092156101
38.470791,630.96174,385.7724,60000.223,5.9460476E-5,1.4094161,8.3291927E-5,0,0.037770041,-0.094237846
38.499893,631.72332,386.16341,60000.223,6.077095E-5,1.4385176,8.3289533E-5,0,0.035646276,-0.096198681
38.528994,629.35942,383.42867,60000.223,6.1771063E-5,1.4676191,8.3287348E-5,0,0.034187595,-0.098149103
38.558096,630.55919,384.25729,60000.223,6.3058458E-5,1.4967206,8.3285139E-5,0,0.032077371,-0.10000403
38.587197,631.84613,385.17279,60000.223,6.4359184E-5,1.5258221,8.3282926E-5,0,0.029949922,-0.10185895
37.612597,737.98403,503.58594,60000.441,1.6324275E-5,0.40059642,8.8806719E-5,0,0.098216819,-0.022120092
37.644333,741.4994,506.70689,60000.441,1.7584551E-5,0.43233201,8.8804008E-5,0,0.096047896,-0.023714856
37.676068,742.00959,506.82231,60000.441,1.9116316E-5,0.4640676,8.8801293E-5,0,0.09391385,-0.025762896
37.707804,742.42651,506.84412,60000.441,2.0557961E-5,0.49580318,8.8798559E-5,0,0.091915628,-0.02769023
37.739539,745.57566,509.59782,60000.441,2.1815765E-5,0.52753877,8.8795872E-5,0,0.089836768,-0.029260297
37.771275,750.93742,514.56378,60000.441,2.2960135E-5,0.55927436,8.8793237E-5,0,0.087667894,-0.030575297
37.803011,751.22054,514.45075,60000.441,2.4440729E-5,0.59100994,8.8790587E-5,0,0.085660407,-0.032534692
37.834746,752.77754,515.61125,60000.441,2.5793592E-5,0.62274553,8.8787943E-5,0,0.083682558,-0.034264561
37.866482,755.14706,517.58391,60000.441,2.7109621E-5,0.65448112,8.8785334E-5,0,0.081673778,-0.035899791
37.898217,758.49974,520.53938,60000.441,2.8446654E-5,0.6862167,8.878263E-5,0,0.079546469,-0.037503841
37.929953,760.79448,522.43657,60000.441,2.9906938E-5,0.71795229,8.87799E-5,0,0.07738353,-0.03931014
37.961689,764.14067,525.38483,60000.441,3.1227396E-5,0.74968788,8.8777262E-5,0,0.075313184,-0.040866031
37.993424,766.915,527.76089,60000.441,3.2355597E-5,0.78142346,8.8774635E-5,0,0.07356622,-0.042189287
38.02516,765.24593,525.6932,60000.441,3.3700825E-5,0.81315905,8.8772006E-5,0,0.071965337,-0.044039208
38.056895,758.60296,518.65123,60000.441,3.5298282E-5,0.84489464,8.8769368E-5,0,0.070486261,-0.046530641
38.088631,743.17423,502.82316,60000.441,3.6699085E-5,0.87663023,8.8766672E-5,0,0.070061076,-0.049381536
38.120367,723.55177,482.80098,60000.441,3.8226138E-5,0.90836581,8.8763918E-5,0,0.069846806,-0.052831241
38.152102,701.56839,460.41752,60000.441,3.9758555E-5,0.9401014,8.8761267E-5,0,0.069847376,-0.056670962
38.183838,680.9528,439.40149,60000.441,4.1102894E-5,0.97183699,8.8758772E-5,0,0.069984113,-0.060360857
38.215573,665.10462,423.1525,60000.441,4.2404229E-5,1.0035726,8.8756133E-5,0,0.069691148,-0.063755728
38.247309,651.99199,409.6387,60000.441,4.361076E-5,1.0353082,8.8753671E-5,0,0.069238443,-0.06688849
38.279044,643.29728,400.54244,60000.441,4.4886362E-5,1.0670437,8.875113E-5,0,0.068187399,-0.069775458
38.31078,639.16658,396.00984,60000.441,4.6165767E-5,1.0987793,8.8748465E-5,0,0.066622222,-0.072228068
38.342516,636.11599,392.55697,60000.441,4.741785E-5,1.1305149,8.8745755E-5,0,0.064969133,-0.074542774
38.374251,635.85656,391.89489,60000.441,4.8852744E-5,1.1622505,8.8743306E-5,0,0.062735159,-0.076829818
38.405987,634.16928,389.8046,60000.441,5.0178891E-5,1.1939861,8.8740692E-5,0,0.060806794,-0.079125389
38.437722,634.59029,389.82224,60000.441,5.1560635E-5,1.2257217,8.8738169E-5,0,0.058585098,-0.081250274
38.469458,634.50128,389.3295,60000.441,5.2872866E-5,1.2574573,8.8735596E-5,0,0.056521131,-0.083329801
38.501194,634.49624,388.92036,60000.441,5.4162312E-5,1.2891929,8.8732933E-5,0,0.054485147,-0.0853627
38.532929,633.26523,387.28489,60000.441,5.5546643E-5,1.3209284,8.8730327E-5,0,0.052400927,-0.087714657
38.564665,633.00306,386.61791,60000.441,5.7003864E-5,1.352664,8.8727772E-5,0,0.050116515,-0.090053062
38.5964,632.85289,386.06256,60000.441,5.8382204E-5,1.3843996,8.8725199E-5,0,0.047946364,-0.092252409
38.628136,631.7229,384.52704,60000.441,5.9682238E-5,1.4161352,8.8722642E-5,0,0.045970161,-0.094475344
38.659871,630.67846,383.07672,60000.441,6.0997212E-5,1.4478708,8.8719989E-5,0,0.043957069,-0.096716815
38.691607,631.25386,383.24588,60000.441,6.2461489E-5,1.4796064,8.8717437E-5,0,0.041593328,-0.098948288
38.723343,630.54594,382.13136,60000.441,6.3796765E-5,1.511342,8.8714849E-5,0,0.039518269,-0.10117703
38.755078,631.49929,382.67778,60000.441,6.5216142E-5,1.5430775,8.8712424E-5,0,0.037207139,-0.10327192
38.786814,631.1559,381.9271,60000.441,6.64962E-5,1.5748131,8.8709746E-5,0,0.035195023,-0.10535622
38.818549,632.91435,383.27791,60000.441,6.7914534E-5,1.6065487,8.8707066E-5,0,0.032852047,-0.10730446
38.850285,632.26274,382.21831,60000.441,6.9076414E-5,1.6382843,8.8704742E-5,0,0.031044574,-0.1092527
