Time Stamp (Seconds),Comment (),System Status (Code),Puck Temp (Kelvin),System Temp (Kelvin),Field (Oersted),Pressure (Torr),Sample Temp (Kelvin),Temp Rise (Kelvin),Samp HC (µJ/K),Samp HC Err (µJ/K),Addenda HC (µJ/K),Addenda HC Err (µJ/K),Total HC (µJ/K),Total HC Err (µJ/K),Fit Deviation (ChiSquare),Time Const tau1 (seconds),Time Const tau2 (seconds),Sample Coupling (Percent),Debye Temp (Kelvin),Debye Temp Err (Kelvin),Cal Correction (Factor),Therm Resist (Ohms),Htr Resist (Ohms),Puck Resist (Ohms),Wire Cond (W/K),Meas Time (seconds),Temp Squared (K^2),Samp HC/Temp (µJ/K/K),Addenda Offset HC (µJ/K)
3881093433.20018,,1857,10.0002,10.0002,80000.375,9.8999999E-6,10.326297,0.22252149,12.803333,0.3315,14.157294,0.01456,26.960628,0.3315,1.8702252,2.2638283,0.069353781,88.462034,273.31183,4.137,1,,,,1.227103E-5,5.0730242,106.63241,1.2398765,0
3881093561.54092,,1857,10.6782,10.6782,80000.172,9.8999999E-6,10.90246,0.20687981,15.135615,0.6618,16.210398,0.06191,31.346013,0.6618,2.5692524,2.4928492,0.081856629,87.675068,272.90541,5.671,1,,,,1.3000982E-5,4.5276566,118.86364,1.3882751,0
3881093691.00524,,1857,11.3561,11.3561,80000.406,9.8999999E-6,11.51791,0.22224117,17.75272,0.3596,18.526077,0.08338,36.278798,0.3596,1.9424701,2.7280987,0.095533856,86.893094,273.38425,3.644,1,,,,1.3796628E-5,4.9856984,132.66225,1.5413144,0
3881093819.68169,,1857,12.0339,12.0339,80000.195,9.8999999E-6,12.150634,0.23463013,21.032519,0.5878,21.098066,0.08127,42.130585,0.5878,2.7000767,2.989971,0.10645556,86.655458,272.55633,4.305,1,,,,1.4652211E-5,5.4561973,147.63791,1.7309812,0
3881093951.44542,,1857,12.7121,12.7121,80000.32,9.8999999E-6,12.800498,0.25064155,24.502132,0.5903,23.89977,0.06712,48.401901,0.5903,14.809759,3.2365794,0.1158148,86.562936,272.88497,3.974,1,,,,1.5572554E-5,5.9799419,163.85274,1.9141546,0
3881094084.24216,,1857,13.39,13.39,80000.375,9.8999999E-6,13.460062,0.26323144,28.446433,1.13,26.954477,0.06161,55.40091,1.13,8.2940858,3.5119374,0.12719132,86.372336,273.01766,5.333,1,,,,1.6456998E-5,6.4731588,181.17326,2.1133955,0
3881094219.18032,,1857,14.0677,14.0677,80000.211,9.8999999E-6,14.12761,0.27885337,32.689691,0.7367,30.216168,0.07602,62.905859,0.7367,0.070290944,3.793621,0.14288229,85.819811,273.5789,3.848,1,,,,1.7352264E-5,7.0238749,199.58935,2.3138869,0
3881094356.21457,,1857,14.7458,14.7458,80000.148,9.8999999E-6,14.798192,0.29221489,37.592157,0.7626,33.719059,0.1004,71.311215,0.7626,0.090279877,4.1382345,0.16254474,85.18886,273.52055,3.649,1,,,,1.8100691E-5,7.587242,218.9865,2.5403208,0
3881094494.36362,,1857,15.4238,15.4238,80000.305,9.8999999E-6,15.475047,0.30925702,42.863372,0.834,37.426223,0.1232,80.289595,0.834,0.49798705,4.4088324,0.1712108,85.291315,273.78536,3.58,1,,,,1.9144248E-5,8.276469,239.47709,2.7698379,0
3881094634.06073,,1857,16.1015,16.1015,80000.297,9.8999999E-6,16.149577,0.3215747,48.488547,0.8695,41.350572,0.1381,89.839119,0.8695,4.7103621,4.7617789,0.19216341,84.687466,274.20728,3.453,1,,,,1.9904641E-5,8.8176648,260.80882,3.0024655,0
3881094776.19642,,1857,16.7796,16.7796,80000.422,9.8999999E-6,16.833493,0.33752023,54.528184,0.8375,45.490217,0.1423,100.0184,0.8375,3.2477355,5.0607172,0.20654606,84.463352,274.84031,3.232,1,,,,2.0892939E-5,9.5235579,283.36649,3.2392673,0
3881094919.85736,,1857,17.4576,17.4576,80000.195,9.8999999E-6,17.510735,0.35135135,61.17738,0.9921,49.764794,0.1463,110.94217,0.9921,5.3006809,5.4176554,0.22680508,84.007217,275.12422,3.315,1,,,,2.1718418E-5,10.121434,306.62585,3.4937071,0
3881095066.7093,,1857,18.1355,18.1355,80000.18,9.8999999E-6,18.190067,0.36497459,68.505949,0.9072,54.239726,0.1638,122.74567,0.9072,5.0459613,5.7925708,0.24690514,83.640227,275.19618,3.052,1,,,,2.2542557E-5,10.835311,330.87853,3.7661186,0
3881095215.06285,,1857,18.8136,18.8136,80000.242,9.8999999E-6,18.872296,0.38023983,76.36668,0.7115,58.883967,0.189,135.25065,0.7115,5.4585738,6.1583357,0.26541429,83.369768,275.33135,2.703,1,,,,2.3426181E-5,11.585142,356.16356,4.0464965,0
3881095367.05633,,1857,19.4918,19.4918,80000.297,9.8999999E-6,19.55256,0.39415484,85.064763,0.4644,63.748157,0.2057,148.81292,0.4644,1.5068264,6.5764632,0.2884259,82.974466,275.13515,2.356,1,,,,2.4219963E-5,12.316671,382.30262,4.3505689,0
3881095521.07382,,1857,20.1695,20.1695,80000.305,9.8999999E-6,20.234464,0.40914242,94.41779,0.443,68.849971,0.2143,163.26776,0.443,0.41045823,7.0100798,0.31266813,82.575473,274.93802,2.289,1,,,,2.5016726E-5,13.152926,409.43351,4.666187,0
3881095678.02838,,1857,20.8476,20.8476,80000.094,9.8999999E-6,20.916461,0.4217336,104.79791,0.4409,74.144876,0.2328,178.94278,0.4409,3.0983438,7.4783574,0.3395995,82.124087,274.40944,2.246,1,,,,2.5806499E-5,14.02016,437.49833,5.0103078,0
3881095838.19827,,1857,21.5255,21.5255,80000.375,9.8999999E-6,21.598478,0.43596757,116.48085,0.5385,79.528738,0.2664,196.00959,0.5385,0.84948915,7.9876278,0.36547055,81.804734,273.43465,2.284,1,,,,2.6567103E-5,14.956715,466.49426,5.3930119,0
3881095999.98703,,1857,22.2034,22.2034,80000.422,9.8999999E-6,22.281041,0.45104996,128.76509,0.747,85.067915,0.2959,213.833,0.747,6.8988028,8.4885163,0.3911354,81.489815,272.66393,2.394,1,,,,2.7375132E-5,15.975256,496.44481,5.7791323,0
3881096165.92058,,1857,22.881,22.881,80000.18,9.8999999E-6,22.963407,0.46401037,142.69236,1.079,90.783881,0.3072,233.47624,1.079,3.5892482,9.0537372,0.41875963,81.186416,271.37222,2.555,1,,,,2.8138599E-5,16.977033,527.31807,6.2139019,0
3881096334.76296,,1857,23.5595,23.5595,80000.234,9.8999999E-6,23.645647,0.47714383,158.67847,0.9895,96.667371,0.3188,255.34585,0.9895,5.6196248,9.7284403,0.45353859,80.742495,269.4728,2.433,1,,,,2.8795138E-5,18.107474,559.11664,6.7106843,0
3881096509.48013,,1857,24.2374,24.2374,80000.336,9.8999999E-6,24.32965,0.4933645,176.67015,0.8686,102.67332,0.353,279.34347,0.8686,0.96539381,10.452945,0.48611975,80.43838,267.20482,2.31,1,,,,2.9463897E-5,19.456881,591.93186,7.2615162,0
3881096688.90636,,1857,24.9153,24.9153,80000.406,9.8999999E-6,25.012867,0.50579493,197.56853,1.612,108.86001,0.3995,306.42854,1.612,2.1744998,11.197165,0.51277536,80.31021,264.25116,2.602,1,,,,3.0304744E-5,20.905889,625.64353,7.8986758,0
3881096874.36125,,1857,25.5934,25.5934,80000.406,9.8999999E-6,25.695286,0.51652305,221.97926,1.786,115.2426,0.4331,337.22186,1.786,5.06876,12.131288,0.54897021,80.026031,260.58925,2.586,1,,,,3.0963599E-5,22.394331,660.24774,8.6389097,0
3881097063.81883,,1857,26.2714,26.2714,80000.383,9.8999999E-6,26.376349,0.52872741,251.94731,1.018,121.74387,0.4528,373.69118,1.018,0.62985203,13.246066,0.58625158,79.791251,255.7173,2.215,1,,,,3.1628969E-5,24.262575,695.71179,9.552016,0
3881097262.8475,,1857,26.9491,26.9491,80000.383,9.8999999E-6,27.057903,0.53896024,290.04089,2.241,128.31837,0.4803,418.35927,2.241,1.1759822,14.641781,0.62598089,79.584521,249.28867,2.537,1,,,,3.2274686E-5,26.492132,732.1301,10.719267,0
3881097471.25637,,1857,27.6274,27.6274,80000.242,9.8999999E-6,27.738225,0.54566398,344.11016,2.125,134.91322,0.524,479.02338,2.125,2.2746636,16.674119,0.67567234,79.31471,239.84057,2.379,1,,,,3.2782376E-5,29.283562,769.40911,12.40563,0
3881097694.79303,,1857,28.3053,28.3053,80000.281,9.8999999E-6,28.418022,0.55036947,424.11118,2.387,141.67692,0.5672,565.7881,2.387,1.922804,19.618692,0.72839342,79.125718,226.67586,2.31,1,,,,3.3305681E-5,33.348237,807.58396,14.924022,0
3881097939.66115,,1857,28.9834,28.9834,80000.07,9.8999999E-6,29.087276,0.52971545,589.66123,5.337,148.62713,0.5967,738.28835,5.337,3.6798903,25.951827,0.80755505,78.836092,202.36196,2.585,1,,,,3.3505468E-5,39.237385,846.06961,20.272137,0
3881124496.93441,,1857,28.9999,28.9999,80000.172,9.8999999E-6,29.177956,0.61800753,618.81602,6.029,149.44856,0.5996,768.26458,6.029,42.581494,26.094572,0.80105578,78.414516,198.71157,2.646,1,,,,3.4898184E-5,51.769577,851.35314,21.20834,0
3881125264.07246,,1857,30.105,30.105,79999.844,9.8999999E-6,30.274458,0.64552836,345.91996,2.232,160.93805,0.6469,506.858,2.232,2.7485058,15.562266,0.64165473,80.853221,261.25258,2.621,1,,,,3.6335342E-5,32.377472,916.54279,11.426132,0
3881125502.87501,,1857,31.21,31.21,79999.836,9.8999999E-6,31.377197,0.67765507,313.81237,1.707,172.76448,0.709,486.57685,1.707,1.6257285,14.848439,0.70527169,79.563662,280.81737,2.662,1,,,,3.6465971E-5,31.124532,984.52848,10.001288,0
3881125750.1157,,1857,32.3151,32.3151,79999.797,9.8999999E-6,32.477736,0.67768235,318.88034,1.889,185.16953,0.7488,504.04987,1.889,1.5533103,14.907323,0.7285,79.436816,288.94307,2.797,1,,,,3.7516153E-5,29.696879,1054.8033,9.818429,0
3881125998.94196,,1857,33.4212,33.4212,80000,9.8999999E-6,33.584011,0.69264947,333.4748,2.42,197.75858,0.8027,531.23339,2.42,2.1134508,15.353117,0.7562364,79.448003,293.83518,3.014,1,,,,3.8331661E-5,29.814646,1127.8858,9.9295705,0
3881126252.40485,,1857,34.5266,34.5266,80000.063,9.8999999E-6,34.693619,0.71191261,353.25366,2.62,210.60959,0.8671,563.86324,2.62,2.172581,15.941768,0.78846257,79.407036,297.02043,3.101,1,,,,3.9179019E-5,30.706234,1203.6472,10.182093,0
3881126509.01218,,1857,35.6312,35.6312,79999.984,9.8999999E-6,35.806422,0.73400949,376.73611,1.687,223.99321,0.8985,600.72932,1.687,0.21021025,16.598405,0.81802841,79.457676,299.10567,2.831,1,,,,4.0084414E-5,31.883535,1282.0998,10.521468,0
3881126773.52583,,1857,36.7372,36.7372,80000.031,9.8999999E-6,36.918252,0.75186664,406.98351,2.072,237.9078,0.9314,644.89131,2.072,0.86432005,17.499251,0.85919224,79.395499,299.29241,2.956,1,,,,4.0880947E-5,33.19681,1362.9573,11.023911,0
3881127064.02315,,1857,37.8424,37.8424,79999.805,9.8999999E-6,38.042317,0.78659953,422.28725,3.567,252.21489,0.9935,674.50215,3.567,3.3394925,17.672301,0.8587328,79.781183,303.96121,3.429,1,,,,4.217367E-5,34.998502,1447.2179,11.100461,0
3881127337.62975,,1857,38.9475,38.9475,80000.094,9.8999999E-6,39.196046,0.89119826,333.4914,2.145,267.12086,1.066,600.61226,2.145,1.1212782,15.179924,0.8220671,79.496698,342.92993,3.413,1,,,,4.2908679E-5,35.344603,1536.33,8.5082918,0
3881127588.88445,,1857,40.0524,40.0524,80000.148,9.8999999E-6,40.258753,0.82880652,343.89983,3.054,281.80109,1.094,625.70092,3.054,1.4233986,15.608727,0.85697518,79.33595,348.18052,3.804,1,,,,4.3440234E-5,30.359849,1620.7672,8.5422375,0
3881127858.27148,,1857,41.1574,41.1574,80000.063,9.8999999E-6,41.377031,0.85008807,358.09566,1.739,297.2721,1.122,655.36775,1.739,0.75582931,15.934228,0.87480883,79.395984,352.41214,3.351,1,,,,4.4517542E-5,31.217455,1712.0587,8.6544551,0
3881128134.14449,,1857,42.2633,42.2633,79999.945,9.8999999E-6,42.488126,0.86812885,374.62085,1.609,313.01641,1.163,687.63726,1.609,0.19804139,16.414785,0.90203518,79.406556,355.68933,3.338,1,,,,4.5319645E-5,31.868456,1805.2408,8.8170716,0
3881128412.04524,,1857,43.3684,43.3684,79999.82,9.8999999E-6,43.599861,0.88835418,392.26055,1.631,329.54684,1.204,721.80739,1.631,0.2669771,16.912681,0.92934052,79.431493,358.57139,3.382,1,,,,4.6148462E-5,32.829569,1900.9479,8.9968302,0
3881128696.87119,,1857,44.4731,44.4731,79999.781,9.8999999E-6,44.71269,0.90966449,411.04858,1.828,346.25006,1.261,757.29864,1.828,0.33070664,17.452962,0.96079322,79.407236,361.07204,3.484,1,,,,4.6915813E-5,33.825363,1999.2246,9.1931079,0
3881128985.33027,,1857,45.5789,45.5789,79999.805,9.8999999E-6,45.82725,0.93166233,430.35462,2.246,363.46454,1.32,793.81916,2.246,0.80490087,17.949229,0.98468684,79.485851,363.42999,3.659,1,,,,4.7791881E-5,34.905924,2100.1368,9.3908018,0
3881129280.64478,,1857,46.6839,46.6839,79999.805,9.8999999E-6,46.937853,0.95194503,450.40223,2.318,381.34828,1.354,831.75051,2.318,0.73842298,18.522517,1.0192865,79.436485,365.53088,3.715,1,,,,4.852904E-5,35.898458,2203.1621,9.5957142,0
3881129580.09976,,1857,47.7897,47.7897,79999.836,9.8999999E-6,48.050971,0.9742327,470.6632,2.106,399.70344,1.368,870.36664,2.106,0.39126007,19.096005,1.0546562,79.378908,367.60258,3.683,1,,,,4.9260705E-5,37.045034,2308.8959,9.7950819,0
3881129886.58459,,1857,48.8941,48.8941,79999.945,9.8999999E-6,49.165179,0.99751212,491.31065,2.174,418.31587,1.427,909.62652,2.174,0.49602184,19.639879,1.0842974,79.396878,369.57499,3.742,1,,,,5.0043935E-5,38.192009,2417.2148,9.9930615,0
3881130196.44008,,1857,49.9999,49.9999,79999.945,9.8999999E-6,50.277459,1.0181623,513.03152,2.606,437.38337,1.498,950.41489,2.606,0.79900528,20.210582,1.1145092,79.42492,371.21749,3.911,1,,,,5.0800068E-5,39.279759,2527.8229,10.204007,0
