Time Stamp (Seconds),Comment (),System Status (Code),Puck Temp (Kelvin),System Temp (Kelvin),Field (Oersted),Pressure (Torr),Sample Temp (Kelvin),Temp Rise (Kelvin),Samp HC (µJ/K),Samp HC Err (µJ/K),Addenda HC (µJ/K),Addenda HC Err (µJ/K),Total HC (µJ/K),Total HC Err (µJ/K),Fit Deviation (ChiSquare),Time Const tau1 (seconds),Time Const tau2 (seconds),Sample Coupling (Percent),Debye Temp (Kelvin),Debye Temp Err (Kelvin),Cal Correction (Factor),Therm Resist (Ohms),Htr Resist (Ohms),Puck Resist (Ohms),Wire Cond (W/K),Meas Time (seconds),Temp Squared (K^2),Samp HC/Temp (µJ/K/K),Addenda Offset HC (µJ/K)
3881072351.80633,Error: Temperature of platform does not match the system temperature : System = 9.9998 K;  Platform = 10.253 K
3881072395.40224,CALFILE: C:\QDDYNA~1\HEATCA~1\TempCal\Standard\Puck1992.cal|Addenda #169 measured on 12/20/2022 from 10.516 to 70.277 K
3881072395.40458,,1857,9.99967,9.99967,70000.32,9.8999999E-6,10.341952,0.22258495,12.985434,0.1475,14.162361,0.02233,27.147795,0.1475,2.3199663,2.2674651,0.071077699,88.207495,272.44062,2.845,1,,,,1.2351206E-5,5.0730242,106.95597,1.2556077,0
3881072523.39227,,1857,10.678,10.678,70000.43,9.8999999E-6,10.912143,0.20621649,15.374313,0.2893,16.210169,0.05432,31.584482,0.2893,5.0954048,2.529575,0.087394918,87.06426,271.72709,3.496,1,,,,1.2941972E-5,4.5349302,119.07486,1.4089178,0
3881072653.60391,,1857,11.3557,11.3557,70000.375,9.8999999E-6,11.524541,0.2229025,18.03895,0.1814,18.511289,0.07143,36.550239,0.1814,3.3069322,2.7272036,0.092922448,87.215113,272.08712,2.726,1,,,,1.3898164E-5,5.0591499,132.81505,1.5652641,0
3881072783.47789,,1857,12.0341,12.0341,70000.43,9.8999999E-6,12.152032,0.23500803,21.018779,0.206,21.047423,0.07497,42.066202,0.206,2.4413771,2.9801919,0.10438979,86.857376,272.64707,2.709,1,,,,1.4668637E-5,5.4544071,147.67188,1.7296513,0
3881072916.85304,,1857,12.7116,12.7116,70000.117,9.8999999E-6,12.797847,0.25050943,24.507129,0.2084,23.815261,0.0707,48.32239,0.2084,2.4372309,3.2422874,0.11685584,86.467141,272.80991,2.595,1,,,,1.5527164E-5,5.9603838,163.78489,1.9149415,0
3881073049.48164,,1857,13.39,13.39,70000.375,9.8999999E-6,13.455177,0.26341137,28.539015,0.3803,26.861506,0.06838,55.400521,0.3803,0.8707799,3.5391106,0.13192078,85.986669,272.62313,3.022,1,,,,1.6358224E-5,6.4845749,181.04179,2.1210434,0
3881073185.64834,,1857,14.0677,14.0677,70000.242,9.8999999E-6,14.121767,0.27991866,32.810857,0.3014,30.142003,0.07531,62.95286,0.3014,0.56357225,3.8207239,0.1461414,85.60077,273.12869,2.659,1,,,,1.7261009E-5,7.0782213,199.42431,2.3234243,0
3881073322.57935,,1857,14.7457,14.7457,70000.375,9.8999999E-6,14.792859,0.29281987,37.645518,0.3418,33.666829,0.09235,71.312347,0.3418,0.56676766,4.116634,0.15947729,85.375424,273.29269,2.652,1,,,,1.8184962E-5,7.6414477,218.82868,2.544844,0
3881073460.78374,,1857,15.4236,15.4236,70000.125,9.8999999E-6,15.468698,0.30821084,42.868836,0.7772,37.369473,0.1162,80.238309,0.7772,9.2696919,4.3997896,0.16953355,85.396109,273.66139,3.461,1,,,,1.9164646E-5,8.233268,239.28062,2.771328,0
3881073600.20747,,1857,16.1016,16.1016,70000.375,9.8999999E-6,16.144357,0.32049643,48.59315,0.7376,41.28077,0.1345,89.87392,0.7376,1.3041301,4.7423453,0.18928122,84.837344,273.92091,3.204,1,,,,1.9985047E-5,8.7995793,260.64026,3.0099155,0
3881073741.79561,,1857,16.7794,16.7794,70000.438,9.8999999E-6,16.827967,0.33642522,54.708643,0.5351,45.393982,0.1372,100.10263,0.5351,3.5475582,5.0932975,0.21109581,84.218835,274.44729,2.729,1,,,,2.0804281E-5,9.4846905,283.18046,3.2510549,0
3881073887.09285,,1857,17.4575,17.4575,70000.367,9.8999999E-6,17.508501,0.35240835,61.401902,0.7211,49.678805,0.1394,111.08071,0.7211,10.115943,5.4336846,0.22723147,84.006691,274.75278,2.91,1,,,,2.1687388E-5,10.186595,306.54759,3.5069766,0
3881074035.12385,,1857,18.1354,18.1354,70000.156,9.8999999E-6,18.188695,0.36493843,68.740097,0.5913,54.196055,0.1618,122.93615,0.5913,6.1940011,5.8015644,0.24743335,83.616364,274.86176,2.631,1,,,,2.255001E-5,10.867369,330.82861,3.779276,0
3881074185.1054,,1857,18.8134,18.8134,70000.375,9.8999999E-6,18.8704,0.37982499,76.663276,0.4868,58.899103,0.1952,135.56238,0.4868,1.8005581,6.1723671,0.26620176,83.345056,274.94679,2.431,1,,,,2.3434104E-5,11.603129,356.09201,4.0626205,0
3881074337.37416,,1857,19.4915,19.4915,70000.391,9.8999999E-6,19.551747,0.39375352,85.366288,0.3729,63.806511,0.2138,149.1728,0.3729,1.3242484,6.5936588,0.29068336,82.878275,274.7976,2.254,1,,,,2.4230132E-5,12.344734,382.27082,4.3661718,0
3881074492.04755,,1857,20.1693,20.1693,70000.477,9.8999999E-6,20.233764,0.40900923,94.746205,0.3627,68.902286,0.2161,163.64849,0.3627,2.1106388,7.0343562,0.31511919,82.489632,274.60808,2.207,1,,,,2.5003228E-5,13.187318,409.40521,4.6825793,0
3881074647.8495,,1857,20.8475,20.8475,70000.453,9.8999999E-6,20.91463,0.42127579,105.36728,0.4397,74.160489,0.226,179.52777,0.4397,0.78426587,7.4879088,0.33891794,82.154694,273.88524,2.239,1,,,,2.5861722E-5,14.068712,437.42174,5.0379701,0
3881074807.59209,,1857,21.525,21.525,69999.992,9.8999999E-6,21.596933,0.43546205,116.72752,0.682,79.523096,0.2552,196.25062,0.682,4.3695685,7.9816711,0.36534031,81.785767,273.21975,2.394,1,,,,2.6625891E-5,14.975818,466.42754,5.4048194,0
3881074970.94687,,1857,22.2032,22.2032,70000.156,9.8999999E-6,22.280419,0.44996851,129.28196,0.7594,85.063727,0.2899,214.34568,0.7594,2.5220914,8.5140449,0.39202865,81.478634,272.28608,2.398,1,,,,2.736711E-5,15.963342,496.41705,5.8024923,0
3881075138.22644,,1857,22.8811,22.8811,70000.156,9.8999999E-6,22.962333,0.46359257,143.60103,0.6264,90.792229,0.3174,234.39326,0.6264,1.9619723,9.1125374,0.42241118,81.104571,270.77296,2.259,1,,,,2.8091276E-5,17.02809,527.26873,6.253765,0
3881075308.20873,,1857,23.5588,23.5588,69999.992,9.8999999E-6,23.645621,0.4777679,159.45504,0.707,96.6947,0.3417,256.14974,0.707,0.54961425,9.7445371,0.45210522,80.801514,269.02165,2.265,1,,,,2.8836586E-5,18.225075,559.11541,6.7435335,0
3881075483.66137,,1857,24.2368,24.2368,70000.203,9.8999999E-6,24.328876,0.4923093,177.57074,0.8434,102.68093,0.3695,280.25167,0.8434,1.7903562,10.440706,0.48169481,80.55483,266.72718,2.292,1,,,,2.9582834E-5,19.489074,591.8942,7.2987648,0
3881075663.33622,,1857,24.9154,24.9154,70000.266,9.8999999E-6,25.011764,0.50421631,198.62069,1.205,108.84985,0.3983,307.47054,1.205,2.7913752,11.226749,0.51257099,80.324929,263.75026,2.408,1,,,,3.0335777E-5,20.881412,625.58835,7.9410906,0
3881075848.60614,,1857,25.5931,25.5931,70000.242,9.8999999E-6,25.693056,0.51555745,223.31617,1.139,115.22524,0.4205,338.54141,1.139,1.8949744,12.175203,0.5499882,80.005042,260.01478,2.316,1,,,,3.0989935E-5,22.453498,660.13314,8.6916936,0
3881076040.12157,,1857,26.2708,26.2708,70000.148,9.8999999E-6,26.375567,0.52775767,253.50726,1.074,121.76318,0.4407,375.27044,1.074,0.95493278,13.268219,0.5851344,79.804948,255.14438,2.23,1,,,,3.1719523E-5,24.350407,695.67052,9.6114431,0
3881076238.37318,,1857,26.9486,26.9486,70000.219,9.8999999E-6,27.056983,0.53782513,291.71168,1.983,128.36838,0.4742,420.08006,1.983,4.1772399,14.687146,0.62554774,79.605576,248.75663,2.451,1,,,,3.2314019E-5,26.536438,732.0803,10.781383,0
3881076447.46345,,1857,27.6268,27.6268,70000,9.8999999E-6,27.737475,0.54443025,345.61699,2.281,134.97972,0.5228,480.5967,2.281,1.6653995,16.625221,0.66989635,79.390546,239.43896,2.415,1,,,,3.2975631E-5,29.374292,769.36754,12.46029,0
3881076670.17327,,1857,28.3052,28.3052,70000.219,9.8999999E-6,28.415924,0.5460857,428.55116,2.635,141.73269,0.565,570.28385,2.635,1.8925863,19.751096,0.72810971,79.144481,225.72635,2.352,1,,,,3.3361266E-5,33.250443,807.46473,15.081374,0
3881076915.27471,,1857,28.9833,28.9833,70000.195,9.8999999E-6,29.083288,0.52497863,603.04698,5.109,148.64657,0.5862,751.69354,5.109,3.4607716,26.453188,0.80919536,78.864384,200.34772,2.53,1,,,,3.3500733E-5,39.502191,845.83763,20.735172,0
3881084695.58984,,1857,29.661,29.661,69999.953,9.8999999E-6,29.756766,0.51771835,2941.8568,313.8,155.83418,0.608,3097.691,313.8,16769.435,116.76013,1.1208289,74.079817,24.955155,6.879E7,1,,,,3.5010173E-5,166.5216,885.46515,98.863456,0
3881085748.80336,,1857,30.3392,30.3392,70000.18,9.8999999E-6,30.51,0.63585968,323.34424,2.427,163.49898,0.6584,486.84322,2.427,4.9834182,14.950642,0.67775278,79.741088,270.03565,2.779,1,,,,3.6407554E-5,30.18854,930.86009,10.597976,0
3881085957.39134,,1857,31.0169,31.0169,70000.039,9.8999999E-6,31.182,0.65732488,313.30945,2.294,170.74096,0.7137,484.05041,2.294,1.9249244,14.773091,0.69957898,79.53508,279.23639,2.838,1,,,,3.6494483E-5,29.901284,972.31715,10.047766,0
3881086164.13927,,1857,31.6929,31.6929,70000.219,9.8999999E-6,31.859541,0.66745442,313.29022,2.257,178.28636,0.7453,491.57658,2.257,3.0405114,14.70841,0.7094748,79.53431,285.3103,2.888,1,,,,3.7112232E-5,29.546181,1015.0304,9.8334818,0
3881086370.94482,,1857,32.3736,32.3736,70000.195,9.8999999E-6,32.537695,0.67669854,318.90402,2.008,185.9967,0.7544,504.90071,2.008,2.2695098,14.92481,0.73142818,79.414935,289.46852,2.842,1,,,,3.7529034E-5,29.41682,1058.7016,9.8010636,0
3881086581.35407,,1857,33.0501,33.0501,70000.156,9.8999999E-6,33.220219,0.69023859,327.31775,2.27,193.72868,0.7727,521.04644,2.27,2.0184324,15.100823,0.74396819,79.42768,292.68648,2.957,1,,,,3.8234899E-5,29.849621,1103.583,9.8529679,0
3881086791.908,,1857,33.7269,33.7269,70000.172,9.8999999E-6,33.900801,0.70123275,337.58417,2.572,201.45102,0.814,539.03519,2.572,1.9525083,15.383051,0.75778592,79.496595,295.24645,3.076,1,,,,3.8790019E-5,30.201647,1149.2643,9.9579999,0
3881087002.77064,,1857,34.4065,34.4065,70000.148,9.8999999E-6,34.582731,0.7133752,350.24237,2.662,209.33783,0.8592,559.58021,2.662,4.6588401,15.785763,0.77969965,79.454829,297.03298,3.115,1,,,,3.9247001E-5,30.766103,1195.9653,10.127667,0
3881087216.43606,,1857,35.0842,35.0842,70000.195,9.8999999E-6,35.265823,0.72859638,364.02524,2.149,217.47646,0.8914,581.50169,2.149,1.0862366,16.216247,0.80408343,79.371245,298.4881,2.965,1,,,,3.9723824E-5,31.571527,1243.6783,10.322324,0
3881087433.66053,,1857,35.7612,35.7612,70000.219,9.8999999E-6,35.949367,0.74275189,379.18076,1.497,225.84216,0.9182,605.02292,1.497,0.46308815,16.623614,0.8223175,79.395655,299.55337,2.779,1,,,,4.0320342E-5,32.432495,1292.357,10.547634,0
3881087653.69981,,1857,36.4401,36.4401,70000.156,9.8999999E-6,36.63347,0.7542408,397.64261,2.153,234.36178,0.951,632.00438,2.153,0.80182106,17.13623,0.84266301,79.431712,299.68749,2.981,1,,,,4.0879666E-5,33.247228,1342.0111,10.854626,0
3881087878.46203,,1857,37.1183,37.1183,70000.172,9.8999999E-6,37.315637,0.76597945,419.58307,3.15,242.96572,0.989,662.54879,3.15,3.3800733,17.794557,0.87218738,79.351751,298.91193,3.257,1,,,,4.1342463E-5,34.272461,1392.4568,11.244162,0
3881088106.36554,,1857,37.7969,37.7969,69999.93,9.8999999E-6,38.002513,0.79225677,428.69275,3.456,251.67526,1.025,680.36801,3.456,2.0834506,17.999438,0.87944592,79.531341,301.8394,3.372,1,,,,4.1882716E-5,35.589114,1444.191,11.280642,0
3881088335.65583,,1857,38.4748,38.4748,69999.977,9.8999999E-6,38.732077,0.8915264,334.05548,2.02,260.92997,1.056,594.98545,2.02,1.8942923,15.116464,0.79973509,79.82646,338.65594,3.324,1,,,,4.2686517E-5,35.998875,1500.1738,8.624776,0
3881088545.1343,,1857,39.1517,39.1517,70000.203,9.8999999E-6,39.368984,0.81899388,334.19592,3.029,269.56356,1.071,603.75949,3.029,2.8324447,15.190773,0.82420939,79.493356,344.17051,3.763,1,,,,4.308284E-5,30.232928,1549.9169,8.4888125,0
3881088754.03429,,1857,39.8304,39.8304,70000.133,9.8999999E-6,40.049638,0.82826962,340.50927,3.362,278.99349,1.078,619.50276,3.362,3.3622409,15.376849,0.83749097,79.492253,347.6675,3.919,1,,,,4.3624889E-5,30.381546,1603.9735,8.5021808,0
3881088964.52594,,1857,40.5085,40.5085,70000.148,9.8999999E-6,40.730068,0.83951972,348.92503,2.96,288.5329,1.093,637.45792,2.96,2.9995251,15.661786,0.85968837,79.38217,350.33199,3.787,1,,,,4.4068936E-5,30.753698,1658.9385,8.5667675,0
3881089177.17215,,1857,41.1866,41.1866,69999.953,9.8999999E-6,41.415233,0.8542487,358.08219,1.713,297.98676,1.129,656.06895,1.713,0.82415246,15.909207,0.87240408,79.429851,352.74256,3.344,1,,,,4.4620413E-5,31.323571,1715.2216,8.6461468,0
3881089391.78574,,1857,41.8642,41.8642,70000,9.8999999E-6,42.096152,0.86635206,368.01988,1.841,307.51311,1.17,675.53299,1.841,0.74801944,16.178561,0.88613734,79.47061,354.8171,3.412,1,,,,4.5157692E-5,31.818413,1772.086,8.7423639,0
3881089608.49601,,1857,42.5417,42.5417,70000.148,9.8999999E-6,42.777904,0.87948814,378.88429,1.539,317.30958,1.196,696.19386,1.539,0.24350947,16.513072,0.90644722,79.437866,356.56051,3.323,1,,,,4.5596342E-5,32.357122,1829.949,8.8570092,0
3881089825.19837,,1857,43.2203,43.2203,70000.18,9.8999999E-6,43.460787,0.89444808,389.86799,1.78,327.40355,1.214,717.27154,1.78,0.51900745,16.824883,0.92366163,79.447691,358.2765,3.43,1,,,,4.609541E-5,33.026144,1888.84,8.970569,0
3881090044.90145,,1857,43.8978,43.8978,70000.016,9.8999999E-6,44.143366,0.90693007,401.14217,1.783,337.66899,1.242,738.81117,1.783,0.37193129,17.143136,0.94210571,79.437843,359.89286,3.452,1,,,,4.6592971E-5,33.649765,1948.6368,9.0872582,0
3881090268.91872,,1857,44.5762,44.5762,70000.156,9.8999999E-6,44.82585,0.92094451,412.6633,2.196,347.95592,1.282,760.61923,2.196,1.2654845,17.467397,0.95976868,79.448286,361.42917,3.614,1,,,,4.7070025E-5,34.286272,2009.3568,9.2059226,0
3881090492.13398,,1857,45.2532,45.2532,70000.203,9.8999999E-6,45.509569,0.93386016,424.37048,2.22,358.50629,1.317,782.87677,2.22,1.0785651,17.785947,0.97720917,79.457622,362.91857,3.642,1,,,,4.757144E-5,34.934794,2071.1209,9.3248625,0
3881090716.58051,,1857,45.9318,45.9318,70000.125,9.8999999E-6,46.191622,0.94726882,436.36904,2.128,369.23064,1.335,805.59968,2.128,0.74982897,18.123241,0.99733012,79.433469,364.30354,3.632,1,,,,4.8041569E-5,35.571893,2133.6659,9.4469304,0
3881090944.56939,,1857,46.6092,46.6092,70000.156,9.8999999E-6,46.874531,0.96092043,448.95614,1.857,380.22256,1.342,829.17871,1.857,0.4854739,18.471473,1.0176424,79.415355,365.50947,3.564,1,,,,4.8516782E-5,36.246482,2197.2216,9.577827,0
3881091175.58257,,1857,47.2876,47.2876,69999.906,9.8999999E-6,47.558229,0.973838,461.29112,1.881,391.51668,1.349,852.80779,1.881,0.26018312,18.807964,1.0372904,79.40374,366.81303,3.595,1,,,,4.9002169E-5,36.942947,2261.7852,9.6995015,0
3881091407.79769,,1857,47.9648,47.9648,70000.102,9.8999999E-6,48.239844,0.98718661,474.04534,1.906,402.86596,1.365,876.9113,1.906,0.27695584,19.149042,1.0545565,79.437637,367.9732,3.627,1,,,,4.9477201E-5,37.615927,2327.0825,9.8268423,0
3881091643.75626,,1857,48.6428,48.6428,70000.133,9.8999999E-6,48.922265,1.000891,486.78466,2.219,414.31462,1.399,901.09928,2.219,0.72348781,19.504406,1.0767304,79.396963,369.15156,3.748,1,,,,4.9920324E-5,38.298085,2393.3881,9.9501659,0
3881091881.34291,,1857,49.3216,49.3216,69999.93,9.8999999E-6,49.606125,1.0135235,499.74183,2.361,425.94878,1.443,925.6906,2.361,0.54504063,19.802904,1.0894713,79.469304,370.27872,3.815,1,,,,5.0487206E-5,39.008812,2460.7676,10.074196,0
3881092120.622,,1857,49.9993,49.9993,69999.914,9.8999999E-6,50.287275,1.02605,512.77986,2.524,437.67898,1.475,950.45884,2.524,0.87173069,20.181338,1.1141579,79.407806,371.36601,3.887,1,,,,5.0876202E-5,39.605808,2528.81,10.19701,0
