Temperature (K), HCTotal (uJ/K), HCSample (µJ/K), Field (Oe)
28.277076,628.31814,495.70526,-0.25465
28.326797,642.77687,509.68561,-0.25465
28.374474,652.18963,518.63906,-0.25465
28.420581,661.86936,527.87409,-0.25465
28.465178,671.30036,536.87443,-0.25465
28.50832,681.1864,546.34337,-0.25465
28.550093,691.18197,555.93463,-0.25465
28.590549,702.01417,566.37485,-0.25465
28.629705,712.19661,576.17749,-0.25465
28.667651,722.42466,586.03711,-0.25465
28.704368,733.28496,596.54056,-0.25465
28.739956,744.72464,607.63401,-0.25465
28.774397,756.90876,619.48274,-0.25465
28.807798,768.97444,631.22286,-0.25465
28.840141,781.01321,642.9461,-0.25465
28.871454,792.94427,654.57142,-0.25465
28.901808,805.9853,667.31581,-0.25465
28.931231,818.80235,679.84509,-0.25465
28.959784,832.47997,693.24321,-0.25465
28.98741,846.44488,706.93749,-0.25465
29.014233,859.33348,719.56314,-0.25465
29.040208,874.11223,734.08706,-0.25465
29.065388,890.22297,749.9506,-0.25465
29.089769,906.99631,766.48443,-0.25465
29.113393,923.33077,782.58665,-0.25465
29.136282,942.00373,801.03447,-0.25465
29.158434,957.93041,816.74311,-0.25465
29.179898,976.46065,835.06197,-0.25465
29.200684,996.05091,854.44742,-0.25465
29.22082,1016.7403,874.93825,-0.25465
29.240285,1038.0594,896.06535,-0.25465
29.259146,1060.8966,918.71644,-0.25465
29.277356,1083.4749,941.1149,-0.25465
29.294957,1109.3918,966.85794,-0.25465
29.311992,1135.1437,992.44146,-0.25465
29.32846,1160.8656,1018.0005,-0.25465
29.344361,1189.6216,1046.5993,-0.25465
29.359706,1218.6683,1075.4941,-0.25465
29.374512,1250.459,1107.1383,-0.25465
29.388783,1288.9256,1145.4636,-0.25465
29.402527,1326.5329,1182.9347,-0.25465
29.415685,1370.1592,1226.4306,-0.25465
29.428322,1418.3493,1274.4954,-0.25465
29.440256,1487.2402,1343.2679,-0.25465
29.451339,1595.8329,1451.7507,-0.25465
29.461414,1773.4952,1629.3131,-0.25465
29.470274,2046.35,1902.08,-0.25465
29.47794,2452.557,2308.2108,-0.25465
29.484362,2968.7397,2824.3298,-0.25465
29.489716,3572.8274,3428.3644,-0.25465
29.494222,4161.7748,4017.2669,-0.25465
29.498127,4634.7965,4490.2499,-0.25465
29.501646,5012.3943,4867.8128,-0.25465
29.504886,5311.7972,5167.1835,-0.25465
29.507893,5625.308,5480.6644,-0.25465
29.510732,5992.7882,5848.1164,-0.25465
29.513363,6501.0651,6356.3671,-0.25465
29.515823,7011.0821,6866.3597,-0.25465
29.518084,7602.2632,7457.5183,-0.25465
29.52021,8038.8003,7894.0343,-0.25465
29.522248,8353.1983,8208.412,-0.25465
29.524194,8480.0876,8335.282,-0.25465
29.526168,8411.4983,8266.6731,-0.25465
29.528124,8185.346,8040.5013,-0.25465
29.530118,8096.3922,7951.5278,-0.25465
29.532108,8042.8295,7897.9452,-0.25465
29.534108,8027.5238,7882.6197,-0.25465
29.536071,8348.455,8203.5314,-0.25465
29.537976,8591.7822,8446.8396,-0.25465
29.539877,8676.3237,8531.3621,-0.25465
29.541739,8770.2589,8625.2789,-0.25465
29.543569,8841.362,8696.3638,-0.25465
29.545327,8937.3763,8792.3606,-0.25465
29.547131,9051.2406,8906.2069,-0.25465
29.548951,9052.219,8907.1673,-0.25465
29.550703,9044.5539,8899.4848,-0.25465
29.552432,9129.9538,8984.8674,-0.25465
29.554173,9094.5962,8949.4926,-0.25465
29.555962,9155.2867,9010.1652,-0.25465
29.557744,9037.6814,8892.5422,-0.25465
29.559497,8796.8931,8651.7365,-0.25465
29.561307,8605.8439,8460.6692,-0.25465
29.563171,8509.691,8364.4978,-0.25465
29.565041,8434.714,8289.5022,-0.25465
29.566954,8215.7825,8070.5517,-0.25465
29.56887,8071.1982,7925.9483,-0.25465
29.57077,8211.0424,8065.7736,-0.25465
29.572678,8288.9537,8143.6659,-0.25465
29.574547,8458.1988,8312.8925,-0.25465
29.576373,8815.5033,8670.1788,-0.25465
29.578168,8824.3864,8679.044,-0.25465
29.579944,8775.6392,8630.2791,-0.25465
29.581731,8865.7553,8720.3774,-0.25465
29.583475,8827.7223,8682.3271,-0.25465
29.5852,8916.7788,8771.3664,-0.25465
29.586977,8985.3723,8839.9422,-0.25465
29.588727,8901.3298,8755.8823,-0.25465
29.590491,8737.9708,8592.5058,-0.25465
29.592287,8500.5219,8355.0389,-0.25465
29.594107,8314.3006,8168.7996,-0.25465
29.59598,8252.4954,8106.9756,-0.25465
29.597872,8057.0789,7911.5404,-0.25465
29.599807,7895.0708,7749.513,-0.25465
29.601769,7762.4156,7616.8383,-0.25465
29.603758,7593.5143,7447.9172,-0.25465
29.605789,7472.6663,7327.0489,-0.25465
29.607908,7211.1931,7065.5546,-0.25465
29.610059,6980.5137,6834.8537,-0.25465
29.612323,6602.1725,6456.49,-0.25465
29.614699,6240.9138,6095.2077,-0.25465
29.617226,5839.9565,5694.2251,-0.25465
29.619929,5477.9884,5332.2302,-0.25465
29.622802,5046.6299,4900.843,-0.25465
29.625973,4634.5465,4488.728,-0.25465
29.629484,4122.6857,3976.8323,-0.25465
29.633446,3620.1864,3474.2935,-0.25465
29.637948,3132.4052,2986.4674,-0.25465
29.643212,2661.5149,2515.5246,-0.25465
29.649494,2218.0425,2071.9896,-0.25465
29.657106,1812.5488,1666.42,-0.25465
29.666257,1474.3506,1328.1306,-0.25465
29.67719,1213.2792,1066.9501,-0.25465
29.690058,1022.2604,875.8029,-0.25465
28.999024,969.96167,830.34046,-0.25465
29.010239,975.66657,835.9354,-0.25465
29.021548,984.02832,844.18624,-0.25465
29.032899,994.86367,854.91022,-0.25465
29.044227,1005.1955,865.13087,-0.25465
29.055611,1017.5156,877.3392,-0.25465
29.066996,1028.2431,887.95498,-0.25465
29.078394,1040.695,900.29486,-0.25465
29.089844,1047.2459,906.73328,-0.25465
29.101309,1055.0065,914.38116,-0.25465
29.112797,1066.6505,925.91222,-0.25465
29.124287,1078.9582,938.10691,-0.25465
29.135798,1091.2634,950.29888,-0.25465
29.147312,1107.8524,966.7746,-0.25465
29.158802,1117.9211,976.73017,-0.25465
29.170263,1131.3915,990.08769,-0.25465
29.181747,1144.3096,1002.8927,-0.25465
29.193233,1157.3604,1015.8303,-0.25465
29.204653,1173.3341,1031.6915,-0.25465
29.21608,1189.9359,1048.1806,-0.25465
29.227413,1207.6513,1065.7843,-0.25465
29.238734,1228.4922,1086.5135,-0.25465
29.249947,1250.8708,1108.7814,-0.25465
29.261075,1270.842,1128.6428,-0.25465
29.272203,1289.4362,1147.1271,-0.25465
29.283191,1310.2099,1167.7923,-0.25465
29.294149,1330.7304,1188.2045,-0.25465
29.30501,1351.1384,1208.5053,-0.25465
29.315763,1381.4541,1238.7146,-0.25465
29.326428,1411.8203,1268.9754,-0.25465
29.336911,1440.6395,1297.6909,-0.25465
29.34733,1472.8127,1329.7611,-0.25465
29.35759,1501.7285,1358.5753,-0.25465
29.36769,1533.1257,1389.8725,-0.25465
29.377587,1583.885,1440.5338,-0.25465
29.387175,1649.0814,1505.6353,-0.25465
29.396361,1752.3717,1608.8346,-0.25465
29.404942,1904.7031,1761.081,-0.25465
29.412762,2134.0379,1990.3383,-0.25465
29.419658,2480.1275,2336.3595,-0.25465
29.42569,2954.5068,2810.679,-0.25465
29.430848,3536.237,3392.358,-0.25465
29.435218,4186.4885,4042.5663,-0.25465
29.439012,4732.474,4588.5141,-0.25465
29.442397,5111.5804,4967.587,-0.25465
29.445542,5467.043,5323.0183,-0.25465
29.448501,5700.5079,5556.4539,-0.25465
29.451361,5835.7144,5691.6321,-0.25465
29.454163,6035.0276,5890.9174,-0.25465
29.456906,6115.5138,5971.3764,-0.25465
29.459581,6189.7585,6045.5946,-0.25465
29.462216,6345.8373,6201.6472,-0.25465
29.464772,6590.3634,6446.1479,-0.25465
29.467202,6941.8475,6797.6079,-0.25465
29.46953,7453.7883,7309.5257,-0.25465
29.471767,7778.6874,7634.4025,-0.25465
29.473906,8084.9096,7940.6035,-0.25465
29.475944,8354.3342,8210.0079,-0.25465
29.477935,8473.2389,8328.8928,-0.25465
29.479937,8507.1774,8362.8114,-0.25465
29.481896,8761.4981,8617.1126,-0.25465
29.483864,8587.705,8443.3,-0.25465
29.485803,8588.2249,8443.8007,-0.25465
29.487763,8675.461,8531.0173,-0.25465
29.489709,8779.6125,8635.1496,-0.25465
29.491619,8803.3807,8658.8987,-0.25465
29.493572,8976.4921,8831.9908,-0.25465
29.495493,8771.9,8627.3795,-0.25465
29.497432,8765.3922,8620.8525,-0.25465
29.499341,8849.9732,8705.4145,-0.25465
29.501274,8856.9316,8712.3537,-0.25465
29.503231,8861.7378,8717.1405,-0.25465
29.505154,8981.5501,8836.9337,-0.25465
29.507035,9025.1033,8880.4683,-0.25465
29.508945,8980.4965,8835.8424,-0.25465
29.510841,9226.2794,9081.6065,-0.25465
29.512718,9304.2358,9159.5443,-0.25465
29.514579,9209.8692,9065.1591,-0.25465
29.516467,9162.2288,9017.5,-0.25465
29.518425,8939.7835,8795.0353,-0.25465
29.520382,8609.5569,8464.7892,-0.25465
29.522385,8529.8017,8385.0141,-0.25465
29.524424,8425.2623,8280.4544,-0.25465
29.526568,8124.1103,7979.2811,-0.25465
29.528792,7868.2664,7723.4151,-0.25465
29.531037,7548.31,7403.4364,-0.25465
29.533364,7259.451,7114.5543,-0.25465
29.535767,7167.8147,7022.894,-0.25465
29.538194,7280.1088,7135.164,-0.25465
29.540546,7450.5718,7305.6037,-0.25465
29.542864,7672.3685,7527.3773,-0.25465
29.545142,7964.0973,7819.0834,-0.25465
29.547331,8240.3146,8095.279,-0.25465
29.549477,8370.8021,8225.7451,-0.25465
29.551574,8484.4606,8339.3828,-0.25465
29.553681,8537.0755,8391.9767,-0.25465
29.555789,8468.2056,8323.0859,-0.25465
29.55795,8191.1027,8045.9615,-0.25465
29.560157,7996.4433,7851.2801,-0.25465
29.562368,7856.5258,7711.3406,-0.25465
29.56464,7805.9979,7660.7901,-0.25465
29.566953,7746.7057,7601.4749,-0.25465
29.569308,7701.533,7556.2788,-0.25465
29.571693,7468.6948,7323.4168,-0.25465
29.574098,7317.2042,7171.9023,-0.25465
29.576577,7207.5988,7062.2723,-0.25465
29.579107,7099.8017,6954.45,-0.25465
29.581685,6985.4341,6840.0567,-0.25465
29.584302,6903.5795,6758.1761,-0.25465
29.586962,6719.0716,6573.6417,-0.25465
29.589735,6532.9294,6387.4718,-0.25465
29.592619,6261.2872,6115.801,-0.25465
29.595673,5876.543,5731.0263,-0.25465
29.59899,5367.8978,5222.3481,-0.25465
29.60266,4831.6529,4686.0667,-0.25465
29.606778,4278.193,4132.5657,-0.25465
29.611526,3701.8393,3556.1648,-0.25465
29.616999,3198.7315,3053.0025,-0.25465
29.623417,2738.153,2592.36,-0.25465
29.630994,2321.0727,2175.2042,-0.25465
29.640196,1927.5749,1781.6147,-0.25465
29.651346,1594.0082,1447.9368,-0.25465
29.665283,1280.7364,1134.526,-0.25465
